6683852,218	5682085,495
6683814,899	5682178,271
6683777,581	5682271,047
6683740,262	5682363,823
6683702,943	5682456,599
6683665,624	5682549,375
6683628,306	5682642,151
6683590,987	5682734,926
6683553,669	5682827,702
6683516,35	5682920,478
6683479,031	5683013,254
6683441,713	5683106,03
6683404,394	5683198,806
6683367,076	5683291,581
6683329,757	5683384,358
6683292,438	5683477,133
6683255,12	5683569,909
6683217,801	5683662,684
6683180,482	5683755,461
6683143,164	5683848,237
6683105,845	5683941,013
6683068,526	5684033,789
6683031,208	5684126,565
6682993,889	5684219,34
6682956,57	5684312,117
6682919,251	5684404,893
6682881,933	5684497,669
6682844,614	5684590,445
6682807,295	5684683,221
6682769,977	5684775,997
6682732,658	5684868,773
6682695,339	5684961,549
6682658,021	5685054,324
6682620,702	5685147,101
6682583,383	5685239,876
6682546,065	5685332,652
6682508,746	5685425,427
6682471,428	5685518,203
6682434,109	5685610,979
6682396,79	5685703,756
6682359,472	5685796,531
6682322,153	5685889,308
6682284,834	5685982,083
6682247,516	5686074,859
6682210,197	5686167,635
6682172,878	5686260,411
6682135,56	5686353,187
6682098,241	5686445,963
6682060,922	5686538,739
6682023,604	5686631,515
6681986,285	5686724,291
6681948,966	5686817,067
6681911,647	5686909,843
6681874,329	5687002,619
6681837,01	5687095,396
6681799,691	5687188,172
6681762,372	5687280,948
6681725,054	5687373,724
6681687,735	5687466,499
6681650,416	5687559,276
6681613,098	5687652,051
6681575,779	5687744,827
6681538,46	5687837,603
6681501,142	5687930,38
6681463,823	5688023,155
6681426,504	5688115,931
6681389,186	5688208,706
6681351,867	5688301,483
6681314,549	5688394,258
6681277,23	5688487,034
6681239,912	5688579,809
6681202,593	5688672,585
6681165,275	5688765,36
6681127,956	5688858,136
6681090,637	5688950,912
6681053,319	5689043,688
6681016 5689136,464
6680978,681	5689229,24
6680941,363	5689322,016
6680904,044	5689414,792
6680866,725	5689507,567
6680829,407	5689600,344
6680792,088	5689693,119
6680754,769	5689785,895
6680717,451	5689878,671
6680680,132	5689971,447
6680642,814	5690064,223
6680605,495	5690156,999
6680568,176	5690249,775
6680530,857	5690342,551
6680493,539	5690435,327
6680456,22	5690528,103
6680418,901	5690620,878
6680381,583	5690713,654
6680344,264	5690806,43
6680306,945	5690899,206
6680269,627	5690991,983
6680232,308	5691084,758
6680194,989	5691177,534
6680157,671	5691270,31
6680120,352	5691363,086
6680083,033	5691455,862
6680045,715	5691548,638
6680008,396	5691641,414
6679971,077	5691734,19
6679933,759	5691826,965
6679896,44	5691919,741
6679859,122	5692012,516
6679821,803	5692105,292
6679784,485	5692198,067
6679747,166	5692290,844
6679709,847	5692383,619
6679672,529	5692476,395
6679635,21	5692569,171
6679597,892	5692661,947
6679560,573	5692754,723
6679523,254	5692847,498
6679485,936	5692940,275
6679448,617	5693033,051
6679411,298	5693125,827
6679373,979	5693218,603
6679336,661	5693311,379
6679299,342	5693404,155
6679262,023	5693496,931
6679224,705	5693589,706
6679187,386	5693682,482
6679150,067	5693775,258
6679112,749	5693868,035
6679075,43	5693960,811
6679038,111	5694053,587
6679000,793	5694146,362
6678963,474	5694239,139
6678926,155	5694331,915
6678888,836	5694424,691
6678851,517	5694517,467
6678814,199	5694610,243
6678776,88	5694703,019
6678739,561	5694795,795
6678702,243	5694888,571
6678664,924	5694981,346
6678627,606	5695074,123
6678590,287	5695166,898
6678552,968	5695259,674
6678515,65	5695352,45
6678478,331	5695445,226
6678441,012	5695538,002
6678403,694	5695630,778
6678366,375	5695723,554
6678329,056	5695816,33
6678291,738	5695909,106
6678254,419	5696001,881
6678217,101	5696094,657
6678179,782	5696187,433
6678142,463	5696280,209
6678105,144	5696372,985
6678067,826	5696465,762
6678030,507	5696558,537
6677993,188	5696651,313
6677955,87	5696744,089
6677918,551	5696836,865
6677881,232	5696929,641
6677843,914	5697022,417
6677806,595	5697115,193
6677769,276	5697207,969
6677731,958	5697300,744
6677694,639	5697393,52
6677657,321	5697486,296
6677620,002	5697579,072
6677582,683	5697671,848
6677545,365	5697764,624
6677508,046	5697857,4
6677470,727	5697950,175
6677433,409	5698042,951
6677396,09	5698135,727
6677358,771	5698228,503
6677321,452	5698321,279
6677284,134	5698414,055
6677246,815	5698506,831
6677209,497	5698599,607
6677172,178	5698692,383
6677134,859	5698785,159
6677097,541	5698877,935
6677060,222	5698970,71
6677022,903	5699063,486
6676985,585	5699156,262
6676948,266	5699249,038
6676910,947	5699341,814
6676873,629	5699434,59
6676836,31	5699527,366
6676798,991	5699620,142
6676761,673	5699712,918
6676724,354	5699805,693
6676687,035	5699898,469
6676649,717	5699991,246
6676612,398	5700084,022
6676575,079	5700176,798
6676537,761	5700269,574
6676500,442	5700362,349
6676463,123	5700455,125
6676425,805	5700547,902
6676388,486	5700640,677
6676351,167	5700733,454
6676313,848	5700826,23
6676276,53	5700919,006
6676239,211	5701011,782
6676201,893	5701104,557
6676164,574	5701197,333
6676127,255	5701290,109
6676089,937	5701382,885
6676052,618	5701475,661
6676015,299	5701568,436
6675977,981	5701661,212
6675940,662	5701753,988
6675903,343	5701846,764
6675866,025	5701939,54
6675828,706	5702032,316
6675791,387	5702125,092
6675754,069	5702217,868
6675716,75	5702310,644
6675679,431	5702403,42
6675642,112	5702496,197
6675604,794	5702588,972
6675567,475	5702681,748
6675530,156	5702774,524
6675492,838	5702867,301
6675455,519	5702960,077
6675418,2	5703052,852
6675380,882	5703145,628
6675343,563	5703238,404
6675306,245	5703331,179
6675268,926	5703423,955
6675231,607	5703516,731
6675194,289	5703609,507
6675156,97	5703702,282
6675119,651	5703795,058
6675082,333	5703887,835
6675045,014	5703980,61
6675007,695	5704073,386
6674970,377	5704166,162
6674933,059	5704258,937
6674895,74	5704351,712
6674858,421	5704444,489
6674821,103	5704537,265
6674783,784	5704630,04
6674746,465	5704722,816
6674709,147	5704815,593
6674671,828	5704908,369
6674634,509	5705001,145
6674597,191	5705093,92
6674559,872	5705186,696
6674522,553	5705279,472
6674485,235	5705372,248
6674447,916	5705465,024
6674410,597	5705557,8
6674373,279	5705650,575
6674335,96	5705743,351
6674298,641	5705836,128
6674261,323	5705928,904
6674224,004	5706021,68
6674186,685	5706114,455
6674149,367	5706207,232
6674112,048	5706300,008
6674074,729	5706392,784
6674037,41	5706485,56
6674000,092	5706578,336
6673962,773	5706671,111
6673925,454	5706763,887
6673888,136	5706856,663
6673850,817	5706949,439
6673813,498	5707042,215
6673776,18	5707134,991
6673738,861	5707227,767
6673701,542	5707320,543
6673664,224	5707413,319
6673626,905	5707506,095
6673589,586	5707598,871
6673552,268	5707691,647
6673514,949	5707784,423
6673477,63	5707877,198
6673440,312	5707969,975
6673402,993	5708062,75
6673365,674	5708155,526
6673328,356	5708248,302
6673291,037	5708341,077
6673253,719	5708433,853
6673216,4	5708526,629
6673179,082	5708619,405
6673141,763	5708712,181
6673104,444	5708804,956
6673067,126	5708897,732
6673029,807	5708990,508
6672992,488	5709083,284
6672955,169	5709176,061
6672917,851	5709268,837
6672880,532	5709361,613
6672843,214	5709454,388
6672805,895	5709547,164
6672768,576	5709639,941
6672731,257	5709732,716
6672693,939	5709825,492
6672656,62	5709918,268
6672619,302	5710011,044
6672581,983	5710103,82
6672544,664	5710196,596
6672507,346	5710289,372
6672470,027	5710382,147
6672432,708	5710474,923
6672395,39	5710567,698
6672358,071	5710660,474
6672320,753	5710753,25
6672283,434	5710846,026
6672246,115	5710938,802
6672208,797	5711031,577
6672171,478	5711124,353
6672134,16	5711217,128
6672096,841	5711309,904
6672059,522	5711402,681
6672022,204	5711495,456
6671984,885	5711588,232
6671947,567	5711681,008
6671910,248	5711773,784
6671872,929	5711866,56
6671835,61	5711959,336
6671798,292	5712052,112
6671760,973	5712144,888
6671723,655	5712237,663
6671686,336	5712330,439
6671649,017	5712423,215
6671611,699	5712515,991
6671574,38	5712608,767
6671537,061	5712701,543
6671499,743	5712794,319
6671462,424	5712887,095
6671425,105	5712979,871
6671387,786	5713072,647
6671350,468	5713165,423
6671313,149	5713258,199
6671275,83	5713350,975